image_width: 2592
image_height: 1944
camera_name: camera
camera_matrix:
  rows: 3
  cols: 3
  data: [1900.170404, 0.000000, 1339.129592, 0.000000, 1899.560240, 990.829123, 0.000000, 0.000000, 1.000000]
distortion_model: plumb_bob
distortion_coefficients:
  rows: 1
  cols: 5
  data: [-0.246874, 0.082509, -0.002934, 0.000409, 0.000000]
rectification_matrix:
  rows: 3
  cols: 3
  data: [1.000000, 0.000000, 0.000000, 0.000000, 1.000000, 0.000000, 0.000000, 0.000000, 1.000000]
projection_matrix:
  rows: 3
  cols: 4
  data: [1674.336426, 0.000000, 1351.152938, 0.000000, 0.000000, 1771.789917, 987.299768, 0.000000, 0.000000, 0.000000, 1.000000, 0.000000]
